date,rank,access_count,series,file_name,main_link,file_type,file_download_link
2021-01-07,1,515,国勢調査 - 都道府県・市区町村別の主な結果,平成27年 都道府県・市区町村別の主な結果,https://www.e-stat.go.jp/stat-search/files?stat_infid=000031594311,EXCEL,https://www.e-stat.go.jp/stat-search/file-download?statInfId=000031594311&fileKind=0
2021-01-07,2,456,道路の交通に関する統計 - 交通事故死者数について,全資料 令和２年中の交通事故死者について,https://www.e-stat.go.jp/stat-search/files?stat_infid=000032035149,PDF,https://www.e-stat.go.jp/stat-search/file-download?statInfId=000032035149&fileKind=2
2021-01-07,3,299,家計調査,＜品目分類＞1世帯当たり年間の支出金額，購入数量及び平均価格 都道府県庁所在市別 二人以上の世帯,https://www.e-stat.go.jp/stat-search/files?stat_infid=000031370135,EXCEL,https://www.e-stat.go.jp/stat-search/file-download?statInfId=000031370135&fileKind=0
2021-01-07,4,270,家計調査,＜日別支出＞ 品目分類による日別支出 二人以上の世帯・勤労者世帯,https://www.e-stat.go.jp/stat-search/files?stat_infid=000001074912,EXCEL,https://www.e-stat.go.jp/stat-search/file-download?statInfId=000001074912&fileKind=0
2021-01-07,5,266,家計調査,＜品目分類＞1世帯当たり年間の支出金額，購入数量及び平均価格 都市階級・地方・都道府県庁所在市別 二人以上の世帯・勤労者世帯・無職世帯,https://www.e-stat.go.jp/stat-search/files?stat_infid=000031909555,EXCEL,https://www.e-stat.go.jp/stat-search/file-download?statInfId=000031909555&fileKind=0
2021-01-07,6,257,家計調査,＜品目分類＞1世帯当たり年間の支出金額，購入数量及び平均価格 都道府県庁所在市別 二人以上の世帯,https://www.e-stat.go.jp/stat-search/files?stat_infid=000008635833,EXCEL,https://www.e-stat.go.jp/stat-search/file-download?statInfId=000008635833&fileKind=0
2021-01-07,7,228,人口推計,年齢(5歳階級)、男女別人口(2020年7月確定値、2020年12月概算値）,https://www.e-stat.go.jp/stat-search/files?stat_infid=000032033110,EXCEL,https://www.e-stat.go.jp/stat-search/file-download?statInfId=000032033110&fileKind=0
2021-01-07,8,212,家計調査,＜品目分類＞1世帯当たり年間の支出金額，購入数量及び平均価格 都道府県庁所在市別 二人以上の世帯,https://www.e-stat.go.jp/stat-search/files?stat_infid=000031534698,EXCEL,https://www.e-stat.go.jp/stat-search/file-download?statInfId=000031534698&fileKind=0
2021-01-07,9,211,家計調査,＜品目分類＞1世帯当たり年間の支出金額，購入数量及び平均価格 都道府県庁所在市別 二人以上の世帯,https://www.e-stat.go.jp/stat-search/files?stat_infid=000023621380,EXCEL,https://www.e-stat.go.jp/stat-search/file-download?statInfId=000023621380&fileKind=0
2021-01-07,10,208,在留外国人統計（旧登録外国人統計）,国籍・地域別　在留資格（在留目的）別　在留外国人,https://www.e-stat.go.jp/stat-search/files?stat_infid=000032030590,EXCEL,https://www.e-stat.go.jp/stat-search/file-download?statInfId=000032030590&fileKind=0
2021-01-07,11,194,道路の交通に関する統計 - 交通事故死者数について,全資料 令和２年中の交通事故死者について,https://www.e-stat.go.jp/stat-search/files?stat_infid=000032035149,EXCEL 閲覧用,https://www.e-stat.go.jp/stat-search/file-download?statInfId=000032035149&fileKind=4
2021-01-07,12,187,在留外国人統計（旧登録外国人統計）,国籍・地域別　在留資格（在留目的）別　在留外国人,https://www.e-stat.go.jp/stat-search/files?stat_infid=000031964914,EXCEL,https://www.e-stat.go.jp/stat-search/file-download?statInfId=000031964914&fileKind=0
2021-01-07,13,178,家計調査,＜品目分類＞1世帯当たり年間の品目別支出金額，購入数量及び平均価格 時系列（1992年～2014年）－二人以上の世帯，（参考）100世帯当たりの購入頻度－二人以上の世帯，2014年月別－二人以上の世帯，年間収入五分位階級別－二人以上の世帯・勤労者世帯，世帯主の年齢階級別－二人以上の世帯 食料「魚介類」,https://www.e-stat.go.jp/stat-search/files?stat_infid=000030057504,EXCEL,https://www.e-stat.go.jp/stat-search/file-download?statInfId=000030057504&fileKind=0
2021-01-07,14,172,家計調査,＜品目分類＞1世帯当たり年間の品目別支出金額，購入数量及び平均価格 時系列（昭和62年～平成21年）－二人以上の世帯，（参考）100世帯当たりの購入頻度－二人以上の世帯，平成21年月別－二人以上の世帯，年間収入五分位階級別－二人以上の世帯・勤労者世帯，世帯主の年齢階級別－二人以上の世帯 食料「魚介類」,https://www.e-stat.go.jp/stat-search/files?stat_infid=000007686041,EXCEL,https://www.e-stat.go.jp/stat-search/file-download?statInfId=000007686041&fileKind=0
2021-01-07,15,166,家計調査,＜品目分類＞1世帯当たり年間の支出金額，購入数量及び平均価格 都道府県庁所在市別 二人以上の世帯,https://www.e-stat.go.jp/stat-search/files?stat_infid=000001158909,EXCEL,https://www.e-stat.go.jp/stat-search/file-download?statInfId=000001158909&fileKind=0
2021-01-07,16,161,家計調査,＜品目分類＞1世帯当たり年間の支出金額，購入数量及び平均価格 都道府県庁所在市別 二人以上の世帯,https://www.e-stat.go.jp/stat-search/files?stat_infid=000031674340,EXCEL,https://www.e-stat.go.jp/stat-search/file-download?statInfId=000031674340&fileKind=0
2021-01-07,17,157,家計調査,＜品目分類＞1世帯当たり年間の品目別支出金額，購入数量及び平均価格 時系列（1995年～2017年）－二人以上の世帯，（参考）100世帯当たりの購入頻度－二人以上の世帯，2017年月別－二人以上の世帯，年間収入五分位階級別－二人以上の世帯・勤労者世帯，世帯主の年齢階級別－二人以上の世帯 食料「魚介類」,https://www.e-stat.go.jp/stat-search/files?stat_infid=000031705224,EXCEL,https://www.e-stat.go.jp/stat-search/file-download?statInfId=000031705224&fileKind=0
2021-01-07,18,155,家計調査,＜品目分類＞1世帯当たり年間の支出金額，購入数量及び平均価格 都市階級・地方・都道府県庁所在市別 二人以上の世帯・勤労者世帯・無職世帯,https://www.e-stat.go.jp/stat-search/files?stat_infid=000031795468,EXCEL,https://www.e-stat.go.jp/stat-search/file-download?statInfId=000031795468&fileKind=0
2021-01-07,19,148,家計調査,＜品目分類＞1世帯当たり年間の品目別支出金額，購入数量及び平均価格 時系列（昭和60年～平成19年）－二人以上の世帯，（参考）100世帯当たりの購入頻度－二人以上の世帯，平成19年月別－二人以上の世帯，年間収入五分位階級別－二人以上の世帯・勤労者世帯，世帯主の年齢階級別－二人以上の世帯 食料「野菜・海藻（乾物・海藻）」～「果物」,https://www.e-stat.go.jp/stat-search/files?stat_infid=000001213502,EXCEL,https://www.e-stat.go.jp/stat-search/file-download?statInfId=000001213502&fileKind=0
2021-01-07,20,148,家計調査,＜品目分類＞1世帯当たり年間の支出金額，購入数量及び平均価格 世帯主の年齢階級別 二人以上の世帯・勤労者世帯,https://www.e-stat.go.jp/stat-search/files?stat_infid=000031909558,EXCEL,https://www.e-stat.go.jp/stat-search/file-download?statInfId=000031909558&fileKind=0
2021-01-07,21,145,経済センサス‐基礎調査 - 令和元年経済センサス‐基礎調査,活動状態（４区分）別事業所数―全国、都道府県、市区町村,https://www.e-stat.go.jp/stat-search/files?stat_infid=000032036200,EXCEL,https://www.e-stat.go.jp/stat-search/file-download?statInfId=000032036200&fileKind=0
2021-01-07,22,143,道路の交通に関する統計 - 交通事故死者数について,１　交通事故発生状況の推移 交通事故発生状況の推移,https://www.e-stat.go.jp/stat-search/files?stat_infid=000032035150,EXCEL 閲覧用,https://www.e-stat.go.jp/stat-search/file-download?statInfId=000032035150&fileKind=4
2021-01-07,23,137,家計調査,＜品目分類＞1世帯当たり年間の支出金額，購入数量及び平均価格 都道府県庁所在市別 二人以上の世帯,https://www.e-stat.go.jp/stat-search/files?stat_infid=000002209398,EXCEL,https://www.e-stat.go.jp/stat-search/file-download?statInfId=000002209398&fileKind=0
2021-01-07,24,133,家計調査,＜日別支出＞ 品目分類による日別支出 二人以上の世帯・勤労者世帯,https://www.e-stat.go.jp/stat-search/files?stat_infid=000018887380,EXCEL,https://www.e-stat.go.jp/stat-search/file-download?statInfId=000018887380&fileKind=0
2021-01-07,25,129,家計調査,＜品目分類＞1世帯当たり年間の支出金額，購入数量及び平均価格 都道府県庁所在市別 二人以上の世帯,https://www.e-stat.go.jp/stat-search/files?stat_infid=000001158973,EXCEL,https://www.e-stat.go.jp/stat-search/file-download?statInfId=000001158973&fileKind=0
2021-01-07,26,128,家計調査,＜品目分類＞1世帯当たり年間の支出金額，購入数量及び平均価格 都道府県庁所在市別 二人以上の世帯,https://www.e-stat.go.jp/stat-search/files?stat_infid=000007370334,EXCEL,https://www.e-stat.go.jp/stat-search/file-download?statInfId=000007370334&fileKind=0
2021-01-07,27,128,家計調査,＜品目分類＞1世帯当たり年間の品目別支出金額，購入数量及び平均価格 時系列（1991年～2013年）－二人以上の世帯，（参考）100世帯当たりの購入頻度－二人以上の世帯，2013年月別－二人以上の世帯，年間収入五分位階級別－二人以上の世帯・勤労者世帯，世帯主の年齢階級別－二人以上の世帯 世帯数分布～食料「穀類」,https://www.e-stat.go.jp/stat-search/files?stat_infid=000025408553,EXCEL,https://www.e-stat.go.jp/stat-search/file-download?statInfId=000025408553&fileKind=0
2021-01-07,28,126,事業所・企業統計調査 - 平成18年事業所・企業統計調査,民営事業所数階級（９区分），産業（中分類）別調査区数，従業者数及び民営事業所数・従業者数の分布特性値－全国，都道府県 その２ － I 運輸業(46 航空運輸業) ～ Q サービス業(他に分類されないもの),https://www.e-stat.go.jp/stat-search/files?stat_infid=000001191632,EXCEL,https://www.e-stat.go.jp/stat-search/file-download?statInfId=000001191632&fileKind=0
2021-01-07,29,124,人口推計,(参考表)全国人口の推移,https://www.e-stat.go.jp/stat-search/files?stat_infid=000032033111,EXCEL,https://www.e-stat.go.jp/stat-search/file-download?statInfId=000032033111&fileKind=0
2021-01-07,30,121,家計調査,＜日別支出＞ 用途分類による日別支出 二人以上の世帯・勤労者世帯,https://www.e-stat.go.jp/stat-search/files?stat_infid=0000003317D6,EXCEL,https://www.e-stat.go.jp/stat-search/file-download?statInfId=0000003317D6&fileKind=0
2021-01-07,31,119,家計調査,＜品目分類＞1世帯当たり年間の支出金額，購入数量及び平均価格 都市階級・地方別 二人以上の世帯,https://www.e-stat.go.jp/stat-search/files?stat_infid=000031534697,EXCEL,https://www.e-stat.go.jp/stat-search/file-download?statInfId=000031534697&fileKind=0
2021-01-07,32,112,家計調査,＜品目分類＞1世帯当たり年間の支出金額，購入数量及び平均価格 世帯主の年齢階級別 二人以上の世帯・勤労者世帯,https://www.e-stat.go.jp/stat-search/files?stat_infid=000031795471,EXCEL,https://www.e-stat.go.jp/stat-search/file-download?statInfId=000031795471&fileKind=0
2021-01-07,33,112,道路の交通に関する統計 - 交通事故死者数について,３　都道府県別交通事故死者数 都道府県別交通事故死者数,https://www.e-stat.go.jp/stat-search/files?stat_infid=000032035152,EXCEL 閲覧用,https://www.e-stat.go.jp/stat-search/file-download?statInfId=000032035152&fileKind=4
2021-01-07,34,111,家計調査,＜品目分類＞1世帯当たり年間の品目別支出金額，購入数量及び平均価格 時系列（昭和60年～平成19年）－二人以上の世帯，（参考）100世帯当たりの購入頻度－二人以上の世帯，平成19年月別－二人以上の世帯，年間収入五分位階級別－二人以上の世帯・勤労者世帯，世帯主の年齢階級別－二人以上の世帯 世帯数分布～食料「穀類」,https://www.e-stat.go.jp/stat-search/files?stat_infid=000001213498,EXCEL,https://www.e-stat.go.jp/stat-search/file-download?statInfId=000001213498&fileKind=0
2021-01-07,35,107,家計調査,＜品目分類＞1世帯当たり年間の支出金額，購入数量及び平均価格 都市階級・地方別 二人以上の世帯,https://www.e-stat.go.jp/stat-search/files?stat_infid=000023621379,EXCEL,https://www.e-stat.go.jp/stat-search/file-download?statInfId=000023621379&fileKind=0
2021-01-07,36,103,事業所・企業統計調査 - 平成13年事業所・企業統計調査,民営事業所数階級（9区分），産業（中分類：製造業，卸売・小売業，飲食店，サービス業のみ）別調査区数，従業者数及び民営事業所数・従業者数の分布特性値－全国，都道府県,https://www.e-stat.go.jp/stat-search/files?stat_infid=000000295323,EXCEL,https://www.e-stat.go.jp/stat-search/file-download?statInfId=000000295323&fileKind=0
2021-01-07,37,102,家計調査,＜日別支出＞ 品目分類による日別支出 二人以上の世帯・勤労者世帯,https://www.e-stat.go.jp/stat-search/files?stat_infid=000001231058,EXCEL,https://www.e-stat.go.jp/stat-search/file-download?statInfId=000001231058&fileKind=0
2021-01-07,38,102,家計調査,＜品目分類＞1世帯当たり年間の支出金額，購入数量及び平均価格 都道府県庁所在市別 二人以上の世帯,https://www.e-stat.go.jp/stat-search/files?stat_infid=000028352469,EXCEL,https://www.e-stat.go.jp/stat-search/file-download?statInfId=000028352469&fileKind=0
2021-01-07,39,100,家計調査,＜品目分類＞1世帯当たり年間の品目別支出金額，購入数量及び平均価格 時系列（平成元年～平成23年）－二人以上の世帯，（参考）100世帯当たりの購入頻度－二人以上の世帯，平成23年月別－二人以上の世帯，年間収入五分位階級別－二人以上の世帯・勤労者世帯，世帯主の年齢階級別－二人以上の世帯 食料「野菜・海藻（生鮮野菜）」,https://www.e-stat.go.jp/stat-search/files?stat_infid=000014899353,EXCEL,https://www.e-stat.go.jp/stat-search/file-download?statInfId=000014899353&fileKind=0
2021-01-07,40,100,人口動態調査,人口動態統計速報　令和２年10月分,https://www.e-stat.go.jp/stat-search/files?stat_infid=000032032951,EXCEL,https://www.e-stat.go.jp/stat-search/file-download?statInfId=000032032951&fileKind=0
2021-01-07,41,99,家計調査,＜品目分類＞1世帯当たり年間の品目別支出金額，購入数量及び平均価格 時系列（1996年～2018年）－二人以上の世帯，（参考）100世帯当たりの購入頻度－二人以上の世帯，2018年月別－二人以上の世帯，年間収入五分位階級別－二人以上の世帯・勤労者世帯，世帯主の年齢階級別－二人以上の世帯 世帯数分布～食料「穀類」,https://www.e-stat.go.jp/stat-search/files?stat_infid=000031828434,EXCEL,https://www.e-stat.go.jp/stat-search/file-download?statInfId=000031828434&fileKind=0
2021-01-07,42,98,在留外国人統計（旧登録外国人統計）,国籍・地域別　在留資格（在留目的）別　総在留外国人,https://www.e-stat.go.jp/stat-search/files?stat_infid=000032030591,EXCEL,https://www.e-stat.go.jp/stat-search/file-download?statInfId=000032030591&fileKind=0
2021-01-07,43,95,特許行政年次報告書（統計情報） - 特許行政年次報告書,第６章 その他統計・資料 (12)各国特許出願政府費用等一覧表 (12-1)主要国・機関における特許出願政府費用等一覧表,https://www.e-stat.go.jp/stat-search/files?stat_infid=000002476247,PDF,https://www.e-stat.go.jp/stat-search/file-download?statInfId=000002476247&fileKind=2
2021-01-07,44,93,家計調査,＜日別支出＞ 品目分類による日別支出 二人以上の世帯・勤労者世帯,https://www.e-stat.go.jp/stat-search/files?stat_infid=000031656624,EXCEL,https://www.e-stat.go.jp/stat-search/file-download?statInfId=000031656624&fileKind=0
2021-01-07,45,87,犯罪統計 - 令和２年１～11月犯罪統計,令和２年１～11月犯罪統計,https://www.e-stat.go.jp/stat-search/files?stat_infid=000032032952,PDF,https://www.e-stat.go.jp/stat-search/file-download?statInfId=000032032952&fileKind=2
2021-01-07,46,86,家計調査,＜品目分類＞1世帯当たり年間の品目別支出金額，購入数量及び平均価格 長期時系列（昭和58年～平成17年）－二人以上の世帯，（参考）100世帯当たりの購入頻度－二人以上の世帯，平成17年月別－二人以上の世帯，年間収入五分位階級別－二人以上の世帯・勤労者世帯，世帯主の年齢階級別－二人以上の世帯 食料「野菜・海藻（生鮮野菜）」,https://www.e-stat.go.jp/stat-search/files?stat_infid=000000331B48,EXCEL,https://www.e-stat.go.jp/stat-search/file-download?statInfId=000000331B48&fileKind=0
2021-01-07,47,86,消費者物価指数 - 2015年基準消費者物価指数,全国 中分類指数（1970年1月～最新月）,https://www.e-stat.go.jp/stat-search/files?stat_infid=000031431696,CSV,https://www.e-stat.go.jp/stat-search/file-download?statInfId=000031431696&fileKind=1
2021-01-07,48,85,家計調査,＜品目分類＞1世帯当たり年間の支出金額，購入数量及び平均価格 都道府県庁所在市別 二人以上の世帯,https://www.e-stat.go.jp/stat-search/files?stat_infid=000000331C31,EXCEL,https://www.e-stat.go.jp/stat-search/file-download?statInfId=000000331C31&fileKind=0
2021-01-07,49,84,農林業センサス,利用者のために 調査結果の概要,https://www.e-stat.go.jp/stat-search/files?stat_infid=000031426989,PDF,https://www.e-stat.go.jp/stat-search/file-download?statInfId=000031426989&fileKind=2
2021-01-07,50,82,家計調査,＜日別支出＞ 品目分類による日別支出 二人以上の世帯・勤労者世帯,https://www.e-stat.go.jp/stat-search/files?stat_infid=0000003311B0,EXCEL,https://www.e-stat.go.jp/stat-search/file-download?statInfId=0000003311B0&fileKind=0
2021-01-07,51,82,家計調査,＜品目分類＞1世帯当たり年間の支出金額，購入数量及び平均価格 4人世帯（有業者1人）－年間収入階級別 勤労者世帯,https://www.e-stat.go.jp/stat-search/files?stat_infid=000000331A34,EXCEL,https://www.e-stat.go.jp/stat-search/file-download?statInfId=000000331A34&fileKind=0
2021-01-07,52,82,家計調査,＜品目分類＞1世帯当たり年間の支出金額，購入数量及び平均価格 都市階級・地方別 二人以上の世帯,https://www.e-stat.go.jp/stat-search/files?stat_infid=000007370333,EXCEL,https://www.e-stat.go.jp/stat-search/file-download?statInfId=000007370333&fileKind=0
2021-01-07,53,81,家計調査,＜品目分類＞1世帯当たり年間の支出金額，購入数量及び平均価格 都市階級・地方別 二人以上の世帯,https://www.e-stat.go.jp/stat-search/files?stat_infid=000028352468,EXCEL,https://www.e-stat.go.jp/stat-search/file-download?statInfId=000028352468&fileKind=0
2021-01-07,54,81,学校基本調査,状況別卒業者数,https://www.e-stat.go.jp/stat-search/files?stat_infid=000032040664,EXCEL,https://www.e-stat.go.jp/stat-search/file-download?statInfId=000032040664&fileKind=0
2021-01-07,55,79,家計調査,＜品目分類＞1世帯当たり年間の支出金額，購入数量及び平均価格 都市階級・地方別 二人以上の世帯,https://www.e-stat.go.jp/stat-search/files?stat_infid=000001158908,EXCEL,https://www.e-stat.go.jp/stat-search/file-download?statInfId=000001158908&fileKind=0
2021-01-07,56,78,家計調査,＜日別支出＞ 品目分類による日別支出 二人以上の世帯・勤労者世帯,https://www.e-stat.go.jp/stat-search/files?stat_infid=000001074557,EXCEL,https://www.e-stat.go.jp/stat-search/file-download?statInfId=000001074557&fileKind=0
2021-01-07,57,78,国民健康保険事業月報等 - 国民健康保険事業年報　平成12年度,第6表,https://www.e-stat.go.jp/stat-search/files?stat_infid=000002948722,EXCEL,https://www.e-stat.go.jp/stat-search/file-download?statInfId=000002948722&fileKind=0
2021-01-07,58,78,毎月勤労統計調査 - 毎月勤労統計調査　全国調査,令和７年７月分結果確報 毎勤指数原表（令和７年７月確報）,https://www.e-stat.go.jp/stat-search/files?stat_infid=000031971214,EXCEL 閲覧用,https://www.e-stat.go.jp/stat-search/file-download?statInfId=000031971214&fileKind=4
2021-01-07,59,77,家計調査,＜日別支出＞ 品目分類による日別支出 二人以上の世帯・勤労者世帯,https://www.e-stat.go.jp/stat-search/files?stat_infid=0000003317FA,EXCEL,https://www.e-stat.go.jp/stat-search/file-download?statInfId=0000003317FA&fileKind=0
2021-01-07,60,76,体力・運動能力調査,年齢別テストの結果 握力、上体起こし、長座体前屈,https://www.e-stat.go.jp/stat-search/files?stat_infid=000031871996,EXCEL,https://www.e-stat.go.jp/stat-search/file-download?statInfId=000031871996&fileKind=0
2021-01-07,61,74,家計調査,＜日別支出＞ 品目分類による日別支出 二人以上の世帯・勤労者世帯,https://www.e-stat.go.jp/stat-search/files?stat_infid=000031497524,EXCEL,https://www.e-stat.go.jp/stat-search/file-download?statInfId=000031497524&fileKind=0
2021-01-07,62,74,家計調査,＜品目分類＞1世帯当たり年間の支出金額，購入数量及び平均価格 年間収入五分位階級別 二人以上の世帯・勤労者世帯,https://www.e-stat.go.jp/stat-search/files?stat_infid=000031909557,EXCEL,https://www.e-stat.go.jp/stat-search/file-download?statInfId=000031909557&fileKind=0
2021-01-07,63,73,出入国管理統計,総括 国籍・地域別　外国人入国者数,https://www.e-stat.go.jp/stat-search/files?stat_infid=000032017691,EXCEL,https://www.e-stat.go.jp/stat-search/file-download?statInfId=000032017691&fileKind=0
2021-01-07,64,73,道路の交通に関する統計 - 交通事故統計月報,全資料 交通事故統計月報（令和２年11月末）,https://www.e-stat.go.jp/stat-search/files?stat_infid=000032032758,PDF,https://www.e-stat.go.jp/stat-search/file-download?statInfId=000032032758&fileKind=2
2021-01-07,65,72,食品循環資源の再生利用等実態調査 - 食品ロス統計調査,利用者のために 結果の概要,https://www.e-stat.go.jp/stat-search/files?stat_infid=000031522950,PDF,https://www.e-stat.go.jp/stat-search/file-download?statInfId=000031522950&fileKind=2
2021-01-07,66,71,家計調査,＜品目分類＞1世帯当たり年間の品目別支出金額，購入数量及び平均価格 時系列（1992年～2014年）－二人以上の世帯，（参考）100世帯当たりの購入頻度－二人以上の世帯，2014年月別－二人以上の世帯，年間収入五分位階級別－二人以上の世帯・勤労者世帯，世帯主の年齢階級別－二人以上の世帯 食料「野菜・海藻（乾物・海藻）」～「果物」,https://www.e-stat.go.jp/stat-search/files?stat_infid=000030057507,EXCEL,https://www.e-stat.go.jp/stat-search/file-download?statInfId=000030057507&fileKind=0
2021-01-07,67,71,毎月勤労統計調査 - 毎月勤労統計調査　全国調査,令和７年７月分結果確報 毎勤原表（令和７年７月確報）,https://www.e-stat.go.jp/stat-search/files?stat_infid=000031971212,EXCEL 閲覧用,https://www.e-stat.go.jp/stat-search/file-download?statInfId=000031971212&fileKind=4
2021-01-07,68,70,家計調査,＜品目分類＞1世帯当たり年間の支出金額，購入数量及び平均価格 世帯主の年齢階級別 勤労者世帯,https://www.e-stat.go.jp/stat-search/files?stat_infid=000001158981,EXCEL,https://www.e-stat.go.jp/stat-search/file-download?statInfId=000001158981&fileKind=0
2021-01-07,69,70,出入国管理統計,総括 国籍・地域別　外国人入国者数,https://www.e-stat.go.jp/stat-search/files?stat_infid=000032030572,EXCEL,https://www.e-stat.go.jp/stat-search/file-download?statInfId=000032030572&fileKind=0
2021-01-07,70,69,家計調査,＜品目分類＞1世帯当たり年間の支出金額，購入数量及び平均価格 都市階級・地方別 二人以上の世帯,https://www.e-stat.go.jp/stat-search/files?stat_infid=000001158972,EXCEL,https://www.e-stat.go.jp/stat-search/file-download?statInfId=000001158972&fileKind=0
2021-01-07,71,66,生産農業所得統計,利用者のために 統計結果の概要（都道府県別推計）,https://www.e-stat.go.jp/stat-search/files?stat_infid=000031926874,PDF,https://www.e-stat.go.jp/stat-search/file-download?statInfId=000031926874&fileKind=2
2021-01-07,72,66,道路の交通に関する統計 - 交通事故死者数について,１　交通事故発生状況の推移 交通事故発生状況の推移,https://www.e-stat.go.jp/stat-search/files?stat_infid=000032035150,CSV,https://www.e-stat.go.jp/stat-search/file-download?statInfId=000032035150&fileKind=1
2021-01-07,73,65,在留外国人統計（旧登録外国人統計）,国籍・地域別　在留資格（在留目的）別　総在留外国人,https://www.e-stat.go.jp/stat-search/files?stat_infid=000031964915,EXCEL,https://www.e-stat.go.jp/stat-search/file-download?statInfId=000031964915&fileKind=0
2021-01-07,74,65,住民基本台帳に基づく人口、人口動態及び世帯数調査,【総計】市区町村別人口、人口動態及び世帯数,https://www.e-stat.go.jp/stat-search/files?stat_infid=000031971203,EXCEL,https://www.e-stat.go.jp/stat-search/file-download?statInfId=000031971203&fileKind=0
2021-01-07,75,64,犯罪統計 - 平成31年１月～令和元年12月犯罪統計【確定値】,平成31年１月～令和元年12月犯罪統計【確定値】,https://www.e-stat.go.jp/stat-search/files?stat_infid=000031911224,PDF,https://www.e-stat.go.jp/stat-search/file-download?statInfId=000031911224&fileKind=2
2021-01-07,76,64,国民健康・栄養調査,身長・体重の平均値及び標準偏差 - 年齢階級，身長・体重別，人数，平均値，標準偏差 - 男性・女性，１歳以上〔体重は妊婦除外〕,https://www.e-stat.go.jp/stat-search/files?stat_infid=000032041827,EXCEL,https://www.e-stat.go.jp/stat-search/file-download?statInfId=000032041827&fileKind=0
2021-01-07,77,63,作物統計調査,利用者のために 調査結果の概要 2,https://www.e-stat.go.jp/stat-search/files?stat_infid=000032026432,PDF,https://www.e-stat.go.jp/stat-search/file-download?statInfId=000032026432&fileKind=2
2021-01-07,78,63,学校基本調査,都道府県別大学・短期大学等への進学者数,https://www.e-stat.go.jp/stat-search/files?stat_infid=000032040668,EXCEL,https://www.e-stat.go.jp/stat-search/file-download?statInfId=000032040668&fileKind=0
2021-01-07,79,62,賃金構造基本統計調査,職種別きまって支給する現金給与額、所定内給与額及び年間賞与その他特別給与額,https://www.e-stat.go.jp/stat-search/files?stat_infid=000031919843,EXCEL,https://www.e-stat.go.jp/stat-search/file-download?statInfId=000031919843&fileKind=0
2021-01-07,80,61,道路の交通に関する統計 - 交通事故の発生状況,全資料 令和元年中の交通事故の発生状況,https://www.e-stat.go.jp/stat-search/files?stat_infid=000031911561,PDF,https://www.e-stat.go.jp/stat-search/file-download?statInfId=000031911561&fileKind=2
2021-01-07,81,61,建築着工統計調査 - 住宅着工統計,記者発表資料,https://www.e-stat.go.jp/stat-search/files?stat_infid=000032039902,PDF,https://www.e-stat.go.jp/stat-search/file-download?statInfId=000032039902&fileKind=2
2021-01-07,82,61,建築着工統計調査 - 建築物着工統計,記者発表資料,https://www.e-stat.go.jp/stat-search/files?stat_infid=000032039951,PDF,https://www.e-stat.go.jp/stat-search/file-download?statInfId=000032039951&fileKind=2
2021-01-07,83,60,年金制度基礎調査,調査結果の概要,https://www.e-stat.go.jp/stat-search/files?stat_infid=000031665073,PDF,https://www.e-stat.go.jp/stat-search/file-download?statInfId=000031665073&fileKind=2
2021-01-07,84,60,消費動向調査,長期時系列表 二人以上の世帯（消費者態度指数） 消費者態度指数、消費者意識指標の推移（季節調整値）,https://www.e-stat.go.jp/stat-search/files?stat_infid=000032042217,EXCEL,https://www.e-stat.go.jp/stat-search/file-download?statInfId=000032042217&fileKind=0
2021-01-07,85,58,建築着工統計調査 - 住宅着工統計,記者発表資料,https://www.e-stat.go.jp/stat-search/files?stat_infid=000032039902,EXCEL,https://www.e-stat.go.jp/stat-search/file-download?statInfId=000032039902&fileKind=0
2021-01-07,86,57,国勢調査 - 平成27年国勢調査,総人口・総世帯数 人口，人口増減(平成22年～27年)，面積，人口密度，世帯数及び世帯数増減(平成22年～27年) － 全国※，全国市部・郡部，都道府県※，都道府県市部・郡部，市区町村※，平成12年市町村,https://www.e-stat.go.jp/stat-search/files?stat_infid=000031473210,CSV,https://www.e-stat.go.jp/stat-search/file-download?statInfId=000031473210&fileKind=1
2021-01-07,87,56,家計調査,＜品目分類＞1世帯当たり年間の品目別支出金額，購入数量及び平均価格 時系列（1993年～2015年）－二人以上の世帯，（参考）100世帯当たりの購入頻度－二人以上の世帯，2015年月別－二人以上の世帯，年間収入五分位階級別－二人以上の世帯・勤労者世帯，世帯主の年齢階級別－二人以上の世帯 食料「野菜・海藻（乾物・海藻）」～「果物」,https://www.e-stat.go.jp/stat-search/files?stat_infid=000031418118,EXCEL,https://www.e-stat.go.jp/stat-search/file-download?statInfId=000031418118&fileKind=0
2021-01-07,88,56,生産農業所得統計,都道府県別推計統計表 都道府県別農業産出額及び生産農業所得 実額,https://www.e-stat.go.jp/stat-search/files?stat_infid=000031926885,EXCEL,https://www.e-stat.go.jp/stat-search/file-download?statInfId=000031926885&fileKind=0
2021-01-07,89,55,経済センサス‐基礎調査 - 令和元年経済センサス‐基礎調査,産業（小分類）、経営組織（４区分）別事業所数及び男女別従業者数―全国、都道府県,https://www.e-stat.go.jp/stat-search/files?stat_infid=000032036201,EXCEL,https://www.e-stat.go.jp/stat-search/file-download?statInfId=000032036201&fileKind=0
2021-01-07,90,54,畜産統計調査,乳用牛（令和２年２月１日現在） 全国農業地域・都道府県別 飼養戸数・頭数,https://www.e-stat.go.jp/stat-search/files?stat_infid=000032029731,EXCEL,https://www.e-stat.go.jp/stat-search/file-download?statInfId=000032029731&fileKind=0
2021-01-07,91,54,道路の交通に関する統計 - 交通事故死者数について,３　都道府県別交通事故死者数 都道府県別交通事故死者数,https://www.e-stat.go.jp/stat-search/files?stat_infid=000032035152,CSV,https://www.e-stat.go.jp/stat-search/file-download?statInfId=000032035152&fileKind=1
2021-01-07,92,53,在留外国人統計（旧登録外国人統計）,都道府県別　国籍・地域別　在留外国人,https://www.e-stat.go.jp/stat-search/files?stat_infid=000032030595,EXCEL,https://www.e-stat.go.jp/stat-search/file-download?statInfId=000032030595&fileKind=0
2021-01-07,93,52,家計調査,＜品目分類＞1世帯当たり年間の支出金額，購入数量及び平均価格 都市階級・地方別 二人以上の世帯,https://www.e-stat.go.jp/stat-search/files?stat_infid=000012687874,EXCEL,https://www.e-stat.go.jp/stat-search/file-download?statInfId=000012687874&fileKind=0
2021-01-07,94,52,人口推計,全国 年齢（各歳），男女別人口及び人口性比－総人口，日本人人口(2019年10月1日現在),https://www.e-stat.go.jp/stat-search/files?stat_infid=000031921670,EXCEL,https://www.e-stat.go.jp/stat-search/file-download?statInfId=000031921670&fileKind=0
